1.534866169095039368e-03 9.040167927742004395e-02 3.455405682325363159e-02 0.000000000000000000e+00 6.139489414636045694e-05 0.000000000000000000e+00 1.000000000000000000e+00 1.250000000000000000e-01
2.305895984172821045e-01 2.888057231903076172e-01 6.030097007751464844e-01 1.630914775887504220e-04 4.486348188947886229e-06 3.795031773279333720e-07 0.000000000000000000e+00 0.000000000000000000e+00
1.692794263362884521e-01 3.630564212799072266e-01 7.335086464881896973e-01 1.740088919177651405e-04 1.162957687483867630e-05 4.370418764665373601e-07 0.000000000000000000e+00 0.000000000000000000e+00
1.618200093507766724e-01 3.796630501747131348e-01 7.787055969238281250e-01 1.841647608671337366e-04 5.663994670612737536e-05 2.047977659458410926e-06 0.000000000000000000e+00 5.102040711790323257e-03
1.614319682121276855e-01 5.204284787178039551e-01 8.001518845558166504e-01 7.487466791644692421e-04 1.110656885430216789e-04 1.421793854206043761e-06 5.102040711790323257e-03 8.163265138864517212e-02
1.681911945343017578e-01 5.943902730941772461e-01 8.175966143608093262e-01 5.513702635653316975e-04 7.449294935213401914e-05 2.829112190738669597e-06 0.000000000000000000e+00 1.683673411607742310e-01
1.611814200878143311e-01 6.792482137680053711e-01 8.319724798202514648e-01 1.094745006412267685e-03 1.462381478631868958e-04 1.000204065348953009e-06 0.000000000000000000e+00 3.265306055545806885e-01
1.659279465675354004e-01 6.631163954734802246e-01 8.497271537780761719e-01 1.348257181234657764e-03 6.552767445100471377e-05 7.276718861248809844e-06 0.000000000000000000e+00 3.928571343421936035e-01
1.686939299106597900e-01 7.148447632789611816e-01 8.600689768791198730e-01 1.794069656170904636e-03 1.623611897230148315e-04 2.853536670954781584e-06 5.102040711790323257e-03 4.897959232330322266e-01
1.743456423282623291e-01 6.837776303291320801e-01 8.635762929916381836e-01 1.651166472584009171e-03 8.171918307198211551e-05 0.000000000000000000e+00 3.061224520206451416e-02 5.153061151504516602e-01
1.630789488554000854e-01 7.143033742904663086e-01 8.593127131462097168e-01 1.781326718628406525e-03 4.352343239588662982e-05 0.000000000000000000e+00 1.530612260103225708e-02 5.918367505073547363e-01
1.693501770496368408e-01 6.961669325828552246e-01 8.766965270042419434e-01 6.999260280281305313e-03 1.280883443541824818e-04 3.577868710635812022e-06 1.020408142358064651e-02 6.734693646430969238e-01
1.715263575315475464e-01 7.495660781860351562e-01 8.622472286224365234e-01 1.902586035430431366e-02 1.080507645383477211e-04 2.845452399924397469e-06 5.102040711790323257e-03 7.806122303009033203e-01
1.766614764928817749e-01 7.031064033508300781e-01 8.773152828216552734e-01 8.027764409780502319e-02 5.370569488150067627e-05 0.000000000000000000e+00 3.571428731083869934e-02 8.010203838348388672e-01
1.718344986438751221e-01 7.661851644515991211e-01 8.884786367416381836e-01 1.377035379409790039e-01 8.241035538958385587e-05 0.000000000000000000e+00 1.530612260103225708e-02 8.622449040412902832e-01
1.668241024017333984e-01 7.739982008934020996e-01 8.739918470382690430e-01 1.779848635196685791e-01 5.744743975810706615e-05 0.000000000000000000e+00 0.000000000000000000e+00 9.132652878761291504e-01
1.707337200641632080e-01 7.375071048736572266e-01 8.873054385185241699e-01 2.392634600400924683e-01 2.152759770979173481e-05 0.000000000000000000e+00 3.571428731083869934e-02 9.489796161651611328e-01
1.719096601009368896e-01 7.506784200668334961e-01 8.907778859138488770e-01 2.761565148830413818e-01 5.102040711790323257e-03 0.000000000000000000e+00 5.612244829535484314e-02 9.489796161651611328e-01
1.734765470027923584e-01 7.468068003654479980e-01 8.938724994659423828e-01 2.509936392307281494e-01 5.222954787313938141e-03 0.000000000000000000e+00 3.571428731083869934e-02 9.489796161651611328e-01
1.698150187730789185e-01 7.354766726493835449e-01 8.836800456047058105e-01 2.720379829406738281e-01 2.040816284716129303e-02 0.000000000000000000e+00 8.673469722270965576e-02 9.642857313156127930e-01
1.778326481580734253e-01 7.167143821716308594e-01 8.924329876899719238e-01 3.139140009880065918e-01 1.530612260103225708e-02 0.000000000000000000e+00 6.122449040412902832e-02 9.897959232330322266e-01
1.806007623672485352e-01 7.147718071937561035e-01 8.890370726585388184e-01 3.127712011337280273e-01 1.532669458538293839e-02 0.000000000000000000e+00 4.081632569432258606e-02 9.795918464660644531e-01
1.765542477369308472e-01 7.490854859352111816e-01 8.961325883865356445e-01 3.660177886486053467e-01 5.102040711790323257e-03 0.000000000000000000e+00 1.020408142358064651e-02 9.846938848495483398e-01
1.792428493499755859e-01 6.779658794403076172e-01 8.986701965332031250e-01 3.823299407958984375e-01 2.040816284716129303e-02 0.000000000000000000e+00 5.102040991187095642e-02 9.948979616165161133e-01
1.762733459472656250e-01 7.046015858650207520e-01 8.939079642295837402e-01 4.379272758960723877e-01 3.571428731083869934e-02 0.000000000000000000e+00 6.122449040412902832e-02 9.948979616165161133e-01
1.775536835193634033e-01 7.568657398223876953e-01 9.072070121765136719e-01 4.632228910923004150e-01 3.061224520206451416e-02 0.000000000000000000e+00 3.571428731083869934e-02 9.897959232330322266e-01
1.805154979228973389e-01 7.589459419250488281e-01 9.082798361778259277e-01 5.146939754486083984e-01 4.081632569432258606e-02 0.000000000000000000e+00 5.102040991187095642e-02 1.000000000000000000e+00
1.801565885543823242e-01 7.457730174064636230e-01 9.022593498229980469e-01 5.348184108734130859e-01 3.061224520206451416e-02 0.000000000000000000e+00 7.142857462167739868e-02 9.948979616165161133e-01
1.753822565078735352e-01 7.311745285987854004e-01 8.997799754142761230e-01 5.096163153648376465e-01 4.591836780309677124e-02 0.000000000000000000e+00 4.081632569432258606e-02 1.000000000000000000e+00
1.747018396854400635e-01 7.628524303436279297e-01 8.933255076408386230e-01 5.711514353752136230e-01 4.591836780309677124e-02 0.000000000000000000e+00 2.040816284716129303e-02 1.000000000000000000e+00
1.794592142105102539e-01 7.465896010398864746e-01 9.001538753509521484e-01 5.562285780906677246e-01 5.612244829535484314e-02 1.225273962290884810e-07 6.632652878761291504e-02 1.000000000000000000e+00
1.770488321781158447e-01 7.223874926567077637e-01 9.025065898895263672e-01 5.658319592475891113e-01 5.612244829535484314e-02 0.000000000000000000e+00 8.163265138864517212e-02 1.000000000000000000e+00
1.795938909053802490e-01 7.252404093742370605e-01 9.022294878959655762e-01 5.614926815032958984e-01 1.071428582072257996e-01 2.803319318900321377e-07 9.693877398967742920e-02 1.000000000000000000e+00
1.778459995985031128e-01 7.173784971237182617e-01 9.053705334663391113e-01 5.518769025802612305e-01 8.163265138864517212e-02 0.000000000000000000e+00 4.591836780309677124e-02 1.000000000000000000e+00
1.822591572999954224e-01 7.435750365257263184e-01 9.086610674858093262e-01 5.668012499809265137e-01 1.224489808082580566e-01 0.000000000000000000e+00 4.081632569432258606e-02 1.000000000000000000e+00
1.809872835874557495e-01 7.574037313461303711e-01 9.083237051963806152e-01 5.885589122772216797e-01 1.377550959587097168e-01 0.000000000000000000e+00 4.081632569432258606e-02 1.000000000000000000e+00
1.836252808570861816e-01 7.728975415229797363e-01 9.113080501556396484e-01 6.095373034477233887e-01 2.091836780309677124e-01 1.110201282017442281e-07 4.081632569432258606e-02 1.000000000000000000e+00
1.785767376422882080e-01 7.153996229171752930e-01 9.040285348892211914e-01 5.893503427505493164e-01 2.091836780309677124e-01 0.000000000000000000e+00 5.612244829535484314e-02 1.000000000000000000e+00
1.814511716365814209e-01 7.343538999557495117e-01 9.139226675033569336e-01 5.893847942352294922e-01 2.397959232330322266e-01 0.000000000000000000e+00 4.591836780309677124e-02 1.000000000000000000e+00
1.826158612966537476e-01 7.331538200378417969e-01 9.117000102996826172e-01 5.946426987648010254e-01 2.602040767669677734e-01 0.000000000000000000e+00 2.551020495593547821e-02 1.000000000000000000e+00
3.630591527326032519e-05 4.929405450820922852e-02 4.552370868623256683e-03 0.000000000000000000e+00 8.417198841925710440e-06 0.000000000000000000e+00 0.000000000000000000e+00 0.000000000000000000e+00
4.153925180435180664e-01 1.736593842506408691e-01 1.082904404029250145e-03 5.547509063035249710e-04 1.022113792714662850e-05 2.448979616165161133e-01 5.102040711790323257e-03 0.000000000000000000e+00
5.780794620513916016e-01 1.994170099496841431e-01 6.751876935595646501e-05 5.894261877983808517e-03 2.684240644157398492e-05 7.397959232330322266e-01 3.469387888908386230e-01 3.061224520206451416e-02
6.057671904563903809e-01 2.066278606653213501e-01 6.032644523656927049e-05 7.147148996591567993e-02 9.315383977082092315e-06 7.653061151504516602e-01 5.510203838348388672e-01 1.785714328289031982e-01
6.464865803718566895e-01 2.091852277517318726e-01 6.921059684827923775e-05 2.857219874858856201e-01 3.623608563430025242e-06 8.214285969734191895e-01 8.061224222183227539e-01 3.367346823215484619e-01
6.809638142585754395e-01 2.090881317853927612e-01 3.686320269480347633e-05 5.459255576133728027e-01 5.706981028197333217e-06 8.112244606018066406e-01 7.704081535339355469e-01 8.214285969734191895e-01
6.715430617332458496e-01 2.100726515054702759e-01 2.816567939589731395e-05 5.714830756187438965e-01 6.161884812172502279e-06 7.959183454513549805e-01 8.163265585899353027e-01 8.622449040412902832e-01
5.662407875061035156e-01 1.832731440663337708e-02 4.741564680443843827e-06 5.510404706001281738e-01 2.442737422825302929e-05 7.500000000000000000e-01 7.806122303009033203e-01 5.255101919174194336e-01
5.653096437454223633e-01 6.352490931749343872e-02 1.931520455400459468e-05 4.796241521835327148e-01 6.689342111349105835e-02 7.551020383834838867e-01 7.857142686843872070e-01 6.326530575752258301e-01
5.663887858390808105e-01 2.589339911937713623e-01 5.701750524167437106e-06 5.714285969734191895e-01 4.540816247463226318e-01 7.397959232330322266e-01 7.806122303009033203e-01 9.489796161651611328e-01
5.647811889648437500e-01 3.592076301574707031e-01 3.614841943999635987e-06 5.969387888908386230e-01 5.561224222183227539e-01 8.163265585899353027e-01 8.826530575752258301e-01 9.846938848495483398e-01
5.653993487358093262e-01 3.623401522636413574e-01 7.995967052920605056e-07 5.969387888908386230e-01 5.306122303009033203e-01 7.653061151504516602e-01 8.112244606018066406e-01 9.693877696990966797e-01
5.626723766326904297e-01 3.436658382415771484e-01 1.311704664885837701e-07 6.020408272743225098e-01 5.561224222183227539e-01 8.520408272743225098e-01 8.775510191917419434e-01 1.000000000000000000e+00
5.627884268760681152e-01 3.318642675876617432e-01 7.241054618134512566e-07 6.020408272743225098e-01 5.255101919174194336e-01 8.010203838348388672e-01 8.673469424247741699e-01 9.846938848495483398e-01
5.616912245750427246e-01 3.182240426540374756e-01 3.821009286752996559e-08 6.020408272743225098e-01 5.102040767669677734e-01 7.551020383834838867e-01 9.795918464660644531e-01 9.897959232330322266e-01
5.620951652526855469e-01 3.255744576454162598e-01 0.000000000000000000e+00 5.918367505073547363e-01 5.204081535339355469e-01 7.857142686843872070e-01 9.642857313156127930e-01 1.000000000000000000e+00
5.623586177825927734e-01 3.208036720752716064e-01 0.000000000000000000e+00 5.765306353569030762e-01 5.102040767669677734e-01 7.551020383834838867e-01 9.846938848495483398e-01 1.000000000000000000e+00
5.616733431816101074e-01 3.201661705970764160e-01 0.000000000000000000e+00 5.867347121238708496e-01 5.153061151504516602e-01 7.602040767669677734e-01 9.795918464660644531e-01 9.846938848495483398e-01
5.632461309432983398e-01 3.258802890777587891e-01 0.000000000000000000e+00 5.816326737403869629e-01 5.153061151504516602e-01 7.500000000000000000e-01 9.540816545486450195e-01 9.948979616165161133e-01
5.636110901832580566e-01 3.406520485877990723e-01 0.000000000000000000e+00 5.969387888908386230e-01 5.357142686843872070e-01 7.959183454513549805e-01 9.642857313156127930e-01 9.948979616165161133e-01
5.639086961746215820e-01 3.554381430149078369e-01 0.000000000000000000e+00 6.071428656578063965e-01 5.408163070678710938e-01 7.959183454513549805e-01 9.795918464660644531e-01 9.948979616165161133e-01
5.637900829315185547e-01 3.460544347763061523e-01 0.000000000000000000e+00 6.020408272743225098e-01 5.306122303009033203e-01 7.755101919174194336e-01 9.795918464660644531e-01 9.693877696990966797e-01
5.631180405616760254e-01 3.341395854949951172e-01 0.000000000000000000e+00 6.122449040412902832e-01 5.255101919174194336e-01 7.806122303009033203e-01 9.693877696990966797e-01 9.693877696990966797e-01
5.631763339042663574e-01 3.490169346332550049e-01 0.000000000000000000e+00 6.122449040412902832e-01 5.459183454513549805e-01 8.316326737403869629e-01 9.846938848495483398e-01 9.642857313156127930e-01
5.631877183914184570e-01 3.485201299190521240e-01 0.000000000000000000e+00 5.969387888908386230e-01 5.459183454513549805e-01 8.367347121238708496e-01 9.744898080825805664e-01 9.591836929321289062e-01
5.632451176643371582e-01 3.432672321796417236e-01 0.000000000000000000e+00 5.969387888908386230e-01 5.612244606018066406e-01 8.367347121238708496e-01 9.897959232330322266e-01 9.897959232330322266e-01
5.633651018142700195e-01 3.435521721839904785e-01 0.000000000000000000e+00 5.867347121238708496e-01 5.459183454513549805e-01 8.010203838348388672e-01 9.591836929321289062e-01 9.846938848495483398e-01
5.634660720825195312e-01 3.482127189636230469e-01 0.000000000000000000e+00 6.020408272743225098e-01 5.561224222183227539e-01 8.214285969734191895e-01 9.540816545486450195e-01 9.897959232330322266e-01
5.632997751235961914e-01 3.532324135303497314e-01 0.000000000000000000e+00 5.969387888908386230e-01 5.510203838348388672e-01 8.265306353569030762e-01 9.438775777816772461e-01 9.948979616165161133e-01
5.631366372108459473e-01 3.473506569862365723e-01 0.000000000000000000e+00 6.071428656578063965e-01 5.459183454513549805e-01 8.316326737403869629e-01 9.030612111091613770e-01 1.000000000000000000e+00
5.632234811782836914e-01 3.472528159618377686e-01 0.000000000000000000e+00 5.816326737403869629e-01 5.510203838348388672e-01 8.061224222183227539e-01 8.673469424247741699e-01 8.928571343421936035e-01
5.632482171058654785e-01 3.418635129928588867e-01 0.000000000000000000e+00 6.020408272743225098e-01 5.918367505073547363e-01 8.265306353569030762e-01 9.897959232330322266e-01 1.000000000000000000e+00
5.632543563842773438e-01 3.571428656578063965e-01 0.000000000000000000e+00 6.122449040412902832e-01 5.918367505073547363e-01 9.183673262596130371e-01 9.897959232330322266e-01 1.000000000000000000e+00
5.632543563842773438e-01 3.571428656578063965e-01 0.000000000000000000e+00 6.122449040412902832e-01 5.918367505073547363e-01 9.183673262596130371e-01 9.897959232330322266e-01 1.000000000000000000e+00
5.632543563842773438e-01 3.571428656578063965e-01 0.000000000000000000e+00 6.122449040412902832e-01 5.918367505073547363e-01 9.183673262596130371e-01 9.897959232330322266e-01 1.000000000000000000e+00
5.632543563842773438e-01 3.571428656578063965e-01 0.000000000000000000e+00 6.122449040412902832e-01 5.918367505073547363e-01 9.183673262596130371e-01 9.897959232330322266e-01 1.000000000000000000e+00
5.632543563842773438e-01 3.571428656578063965e-01 0.000000000000000000e+00 6.122449040412902832e-01 5.918367505073547363e-01 9.183673262596130371e-01 9.897959232330322266e-01 1.000000000000000000e+00
5.632543563842773438e-01 3.571428656578063965e-01 0.000000000000000000e+00 6.122449040412902832e-01 5.918367505073547363e-01 9.183673262596130371e-01 9.897959232330322266e-01 1.000000000000000000e+00
2.132716821506619453e-03 3.437500000000000000e-01 6.806002557277679443e-02 1.887453108793124557e-04 5.871852863492676988e-06 0.000000000000000000e+00 0.000000000000000000e+00 0.000000000000000000e+00
3.654089570045471191e-01 6.633796147070825100e-04 3.497115522623062134e-02 2.584688772913068533e-04 6.520101578644244000e-06 0.000000000000000000e+00 9.881739515549270436e-08 0.000000000000000000e+00
3.961553871631622314e-01 5.915183282922953367e-05 3.691862896084785461e-02 2.019729436142370105e-04 7.712254955549724400e-06 0.000000000000000000e+00 0.000000000000000000e+00 0.000000000000000000e+00
5.232669115066528320e-01 5.181618966162204742e-03 6.611692905426025391e-02 1.852600980782881379e-04 3.927667876268969849e-06 5.102040711790323257e-03 0.000000000000000000e+00 0.000000000000000000e+00
5.594956278800964355e-01 5.146890878677368164e-03 1.021325215697288513e-01 1.251680369023233652e-04 0.000000000000000000e+00 1.530612260103225708e-02 0.000000000000000000e+00 0.000000000000000000e+00
6.113280653953552246e-01 5.131010897457599640e-03 1.104372590780258179e-01 7.754813123028725386e-05 1.020408142358064651e-02 1.173469424247741699e-01 3.685646632334282913e-08 0.000000000000000000e+00
1.786844368325546384e-04 6.687727756798267365e-03 1.356015127385035157e-05 2.180068840971216559e-04 9.732229955261573195e-06 3.877868834933906328e-07 1.000000000000000000e+00 0.000000000000000000e+00
5.191834270954132080e-02 8.252422511577606201e-02 7.296597212553024292e-02 5.156765837455168366e-05 2.953407147288089618e-06 6.681776199002342764e-07 0.000000000000000000e+00 0.000000000000000000e+00
3.985899984836578369e-01 1.698432266712188721e-01 2.907562069594860077e-02 7.757785351714119315e-05 7.749124051770195365e-06 8.847969183989334852e-07 0.000000000000000000e+00 0.000000000000000000e+00
5.083648562431335449e-01 1.610803008079528809e-01 9.122726507484912872e-03 7.933626329759135842e-05 9.901659723254851997e-06 1.998140305659035221e-06 0.000000000000000000e+00 0.000000000000000000e+00
5.607367753982543945e-01 1.809585988521575928e-01 1.037394255399703979e-02 1.534935366362333298e-02 6.360503903124481440e-06 4.382894530863268301e-06 1.530612260103225708e-02 0.000000000000000000e+00
5.894029140472412109e-01 2.048848420381546021e-01 5.798529833555221558e-03 3.010212779045104980e-01 3.575361233743024059e-06 3.167249587932019494e-06 3.061224520206451416e-02 0.000000000000000000e+00
6.083911061286926270e-01 2.205080687999725342e-01 2.381802070885896683e-03 4.846938848495483398e-01 6.922714874235680327e-06 3.005369990205508657e-06 4.591836780309677124e-02 0.000000000000000000e+00
6.027656197547912598e-01 2.217346280813217163e-01 2.112892922013998032e-03 5.255101919174194336e-01 5.102040711790323257e-03 1.599453867129341234e-06 7.142857462167739868e-02 0.000000000000000000e+00
6.006098985671997070e-01 2.117476910352706909e-01 1.289245439693331718e-03 5.663265585899353027e-01 4.081632569432258606e-02 3.491485585982445627e-06 1.122448965907096863e-01 0.000000000000000000e+00
5.659670829772949219e-01 3.912551701068878174e-02 9.350382606498897076e-04 5.714285969734191895e-01 1.224489808082580566e-01 1.287277154915500432e-05 2.142857164144515991e-01 0.000000000000000000e+00
5.623512268066406250e-01 1.216888800263404846e-02 7.165098795667290688e-04 5.969387888908386230e-01 2.908163368701934814e-01 3.522101906128227711e-05 2.857142984867095947e-01 0.000000000000000000e+00
5.624743700027465820e-01 7.761770393699407578e-03 7.242165156640112400e-04 6.020408272743225098e-01 4.081632792949676514e-01 5.158676300197839737e-03 2.908163368701934814e-01 0.000000000000000000e+00
5.625323653221130371e-01 7.277509197592735291e-03 7.254587253555655479e-04 6.071428656578063965e-01 4.642857015132904053e-01 5.168243777006864548e-03 3.061224520206451416e-01 5.102040711790323257e-03
3.125000000000000000e-02 4.995453730225563049e-02 3.195536322891712189e-03 8.429498848272487521e-06 4.523821407929062843e-04 3.810975467786192894e-04 0.000000000000000000e+00 0.000000000000000000e+00
2.144573032855987549e-01 2.369030565023422241e-02 2.644842565059661865e-01 5.572711825370788574e-01 2.753046574071049690e-04 5.102040711790323257e-03 0.000000000000000000e+00 0.000000000000000000e+00
3.608083426952362061e-01 1.160185709595680237e-01 3.359585106372833252e-01 7.035065293312072754e-01 3.830890054814517498e-04 1.887755095958709717e-01 2.551020495593547821e-02 0.000000000000000000e+00
4.397308230400085449e-01 1.845557987689971924e-01 3.674278259277343750e-01 7.533983588218688965e-01 4.264011513441801071e-04 2.806122303009033203e-01 3.367346823215484619e-01 0.000000000000000000e+00
4.830815792083740234e-01 2.160675078630447388e-01 3.908967077732086182e-01 7.781307697296142578e-01 4.304505418986082077e-04 3.877550959587097168e-01 5.918367505073547363e-01 0.000000000000000000e+00
5.091400742530822754e-01 2.247774302959442139e-01 4.122136831283569336e-01 7.975814938545227051e-01 4.197521484456956387e-04 5.612244606018066406e-01 7.908163070678710938e-01 0.000000000000000000e+00
5.957694649696350098e-01 2.359424531459808350e-01 4.825607538223266602e-01 8.103705644607543945e-01 4.514112661127001047e-04 5.918367505073547363e-01 8.571428656578063965e-01 0.000000000000000000e+00
7.428000569343566895e-01 2.487481981515884399e-01 4.775548577308654785e-01 8.257911205291748047e-01 1.143767731264233589e-03 5.663265585899353027e-01 8.571428656578063965e-01 1.020408142358064651e-02
8.042068481445312500e-01 2.421746701002120972e-01 5.083431005477905273e-01 8.205405473709106445e-01 6.540278554894030094e-04 5.816326737403869629e-01 8.928571343421936035e-01 5.612244829535484314e-02
5.361236929893493652e-01 3.875325433909893036e-03 4.526715929387137294e-05 1.451124353479826823e-05 6.255434453487396240e-02 0.000000000000000000e+00 5.937500000000000000e-01 0.000000000000000000e+00
5.584810376167297363e-01 3.299208357930183411e-03 3.605213016271591187e-02 3.566255792975425720e-02 3.392545040696859360e-04 8.896317012840881944e-06 0.000000000000000000e+00 0.000000000000000000e+00
6.912150382995605469e-01 4.676037468016147614e-03 1.723797321319580078e-01 3.754589557647705078e-01 3.786934248637408018e-04 1.460085240978514776e-05 0.000000000000000000e+00 0.000000000000000000e+00
7.701556086540222168e-01 5.519531201571226120e-03 2.720021605491638184e-01 7.230674624443054199e-01 6.135189323686063290e-04 3.356907109264284372e-05 0.000000000000000000e+00 0.000000000000000000e+00
7.905326485633850098e-01 5.120380781590938568e-03 3.262736201286315918e-01 7.780815958976745605e-01 6.613887962885200977e-04 3.748221570276655257e-05 6.298816151684150100e-05 0.000000000000000000e+00
8.221901655197143555e-01 5.661848466843366623e-03 3.412970602512359619e-01 8.052048683166503906e-01 6.279782974161207676e-04 4.039243867737241089e-05 1.029684580862522125e-02 0.000000000000000000e+00
8.285419940948486328e-01 5.829047877341508865e-03 3.498384654521942139e-01 8.243346214294433594e-01 5.658845417201519012e-03 4.035012534586712718e-05 3.061224520206451416e-02 0.000000000000000000e+00
8.156931400299072266e-01 7.212259806692600250e-03 3.592797517776489258e-01 8.334564566612243652e-01 5.713363178074359894e-03 3.877724157064221799e-05 3.075013868510723114e-02 0.000000000000000000e+00
8.337768912315368652e-01 8.426139131188392639e-03 3.659436106681823730e-01 8.464958071708679199e-01 1.590503193438053131e-02 5.123643131810240448e-05 8.673469722270965576e-02 5.102040711790323257e-03
8.259182572364807129e-01 1.515464484691619873e-02 3.837758600711822510e-01 8.485016822814941406e-01 1.588660664856433868e-02 5.686705844709649682e-05 1.887755095958709717e-01 2.551325224339962006e-02
8.358152508735656738e-01 2.508173882961273193e-02 3.819403648376464844e-01 8.584671020507812500e-01 2.108639106154441833e-02 3.863336314680054784e-05 2.397959232330322266e-01 4.591836780309677124e-02
8.585268855094909668e-01 6.716104596853256226e-02 3.956904113292694092e-01 8.573116660118103027e-01 4.132323339581489563e-02 2.286548078700434417e-05 4.591836631298065186e-01 1.173469424247741699e-01
8.665516376495361328e-01 9.605764597654342651e-02 4.075708985328674316e-01 8.613716363906860352e-01 6.657056510448455811e-02 3.787377499975264072e-05 5.510203838348388672e-01 1.734807491302490234e-01
8.705334067344665527e-01 1.547018140554428101e-01 4.277302920818328857e-01 8.555772900581359863e-01 4.120998084545135498e-02 2.398660217295400798e-05 6.122449040412902832e-01 2.193877547979354858e-01
8.763229846954345703e-01 1.574658006429672241e-01 4.278023242950439453e-01 8.656305074691772461e-01 9.230265021324157715e-02 2.991739347635302693e-05 6.734693646430969238e-01 2.704081535339355469e-01
8.804349303245544434e-01 1.570082902908325195e-01 4.263174831867218018e-01 8.779664039611816406e-01 1.122869700193405151e-01 5.530195267056114972e-05 6.989796161651611328e-01 3.418367207050323486e-01
8.869175910949707031e-01 1.504336297512054443e-01 4.239657521247863770e-01 8.759824037551879883e-01 1.582413166761398315e-01 1.140110471169464290e-04 7.142857313156127930e-01 3.724489808082580566e-01
8.893791437149047852e-01 2.108935564756393433e-01 4.473836421966552734e-01 8.851109743118286133e-01 1.632909178733825684e-01 6.390413182089105248e-05 8.265306353569030762e-01 4.897959232330322266e-01
8.917983770370483398e-01 1.984060853719711304e-01 4.458717107772827148e-01 8.867071270942687988e-01 2.194110751152038574e-01 1.591793698025867343e-04 8.673469424247741699e-01 5.204081535339355469e-01
8.883608579635620117e-01 2.630267143249511719e-01 5.023375749588012695e-01 8.880789875984191895e-01 3.112412691116333008e-01 1.010505147860385478e-04 8.520408272743225098e-01 5.612244606018066406e-01
8.840607404708862305e-01 2.924192845821380615e-01 5.318872332572937012e-01 8.933727741241455078e-01 3.981796205043792725e-01 3.899589864886365831e-05 8.877550959587097168e-01 6.071428656578063965e-01
8.943937420845031738e-01 2.734604775905609131e-01 4.987420439720153809e-01 8.941844105720520020e-01 3.877550959587097168e-01 1.765412162058055401e-05 8.877550959587097168e-01 6.989796161651611328e-01
8.935575485229492188e-01 2.790637314319610596e-01 4.877615571022033691e-01 8.974539041519165039e-01 4.336841106414794922e-01 1.460992934880778193e-04 9.030612111091613770e-01 7.091836929321289062e-01
8.933065533638000488e-01 3.024832606315612793e-01 5.242504477500915527e-01 9.002881050109863281e-01 5.153061151504516602e-01 1.339793234365060925e-04 8.979591727256774902e-01 6.887755393981933594e-01
8.903959393501281738e-01 2.672219872474670410e-01 5.216872096061706543e-01 9.033913612365722656e-01 5.306140184402465820e-01 1.197002129629254341e-04 9.081632494926452637e-01 7.448979616165161133e-01
8.961811661720275879e-01 2.984349727630615234e-01 5.323156714439392090e-01 9.064783453941345215e-01 5.714568495750427246e-01 4.287429328542202711e-05 9.132652878761291504e-01 7.704081535339355469e-01
8.971290588378906250e-01 3.545825481414794922e-01 5.379358530044555664e-01 9.038321971893310547e-01 5.510310530662536621e-01 1.027034129947423935e-02 9.081632494926452637e-01 6.428571343421936035e-01
8.916667103767395020e-01 3.535906672477722168e-01 5.426484942436218262e-01 9.018158316612243652e-01 5.867347121238708496e-01 1.031461078673601151e-02 9.183673262596130371e-01 7.295918464660644531e-01
8.930059671401977539e-01 3.755508065223693848e-01 5.489537119865417480e-01 9.023953080177307129e-01 5.867347121238708496e-01 2.043604291975498199e-02 9.132652878761291504e-01 6.887755393981933594e-01
9.223746657371520996e-01 3.174170553684234619e-01 5.198237895965576172e-01 9.057409167289733887e-01 5.561224222183227539e-01 5.494413431733846664e-03 9.081632494926452637e-01 7.295918464660644531e-01
9.052740335464477539e-01 3.937568664550781250e-01 5.502676367759704590e-01 9.079584479331970215e-01 5.867347121238708496e-01 2.087419293820858002e-02 9.030612111091613770e-01 7.908163070678710938e-01
